   10000       2086187   0.133     671.012     780.110     350.478     221.169    05:07:10
   20000       3674006   0.035    1122.240    1214.921     706.435     287.936    09:07:28
   30000       6617007   0.011    1783.936    1900.954     729.337     189.566    16:30:48
   40000       9734925   0.010    2376.420    2489.354     827.858     127.913    00:21:04
   50000      12676162   0.010    2523.544    2631.480     912.054     100.557    07:45:32
   60000      15507258   0.010    2471.044    2575.771     936.491     101.825    14:53:35
   70000      18285439   0.010    2488.947    2592.225     933.001      88.057    21:54:10
   80000      21060744   0.010    2512.431    2615.938     939.293      93.381    04:54:21
   90000      23833237   0.010    2531.279    2634.086     951.210      85.300    11:53:45
  100000      26606791   0.010    2531.195    2636.039     936.270      83.701    18:53:36
  110000      29245017   0.010    2503.825    2605.166     938.160      71.962    01:33:13
